spec #	station	day #	time
1	396	699	1412
1	408	701	859
1	408	702	912
1	109	703	915
1	409	703	1407
1	109	704	819
1	408	704	946
1	408	705	837
1	401	707	825
2	690	710	934
2	690	711	1022
3	442	1071	1105
4	408	699	1435
4	372	700	1005
4	440	707	1120
4	114	709	1302
4	362	716	1116
4	409	730	1020
4	409	732	1002
4	409	735	1101
4	409	739	1419
5	318	836	1052
8	999	793	938
10	408	839	825
10	408	846	815
10	315	855	721
13	123	839	1103
14	408	839	1107
15	114	171	924
15	119	172	1155
16	191	839	1131
16	318	853	721
16	109	862	751
16	409	940	1040
17	516	839	1158
18	400	842	714
18	400	856	930
18	442	859	1034
18	442	862	649
19	400	842	716
20	999	793	1150
20	999	817	1026
22	123	1075	1155
22	390	1079	1000
22	316	1091	905
23	123	842	738
23	968	853	1440
23	262	854	1008
26	999	796	836
27	399	700	1016
27	690	702	1115
27	330	712	1119
29	123	842	903
30	690	1076	1222
30	347	1085	1505
32	399	842	930
33	310	525	1020
34	123	701	827
34	362	702	1055
34	123	704	753
34	114	706	1528
34	374	707	802
34	690	708	1320
34	123	735	1013
34	123	737	1053
34	123	748	1422
34	440	788	1236
34	434	789	1105
34	442	790	925
34	123	791	1045
34	442	805	1253
35	468	1076	1334
37	690	527	1505
37	80	533	1052
37	701	533	1023
37	33	546	925
37	33	555	1200
37	690	561	1015
37	690	567	829
38	680	527	1512
38	332	528	930
39	408	701	911
39	408	738	830
41	100	529	917
42	674	1079	1035
44	123	4	1126
45	408	846	814
45	396	849	857
45	408	855	715
45	119	858	725
46	114	533	815
48	999	806	759
50	395	533	843
50	975	535	1044
50	975	537	1115
51	316	846	847
51	316	854	601
55	975	533	1052
55	975	534	1103
56	529	570	958
57	975	533	1100
57	975	534	1103
57	975	535	1125
57	690	551	1435
58	975	533	1105
58	975	535	1041
58	975	537	1114
59	315	849	850
59	121	852	1132
59	689	872	902
59	689	874	1239
59	330	878	939
59	689	878	947
59	689	888	1040
59	688	890	1057
60	408	849	855
60	409	850	903
61	273	849	953
62	114	534	945
62	975	537	1108
62	88	543	1020
62	187	565	1353
62	975	565	1425
62	342	567	1409
62	690	567	831
62	690	572	756
63	442	535	1000
63	344	543	814
64	273	849	1015
64	441	851	804
64	400	856	605
68	119	849	1112
68	318	850	831
70	999	810	752
71	408	703	856
71	442	732	1149
71	408	737	845
72	409	853	730
72	689	888	1112
72	689	889	1216
72	688	890	1455
75	999	810	836
77	123	704	
77	408	707	820
77	440	707	1255
77	107	724	744
77	123	730	1103
77	123	732	1051
77	969	736	1115
77	434	739	936
77	123	744	757
78	100	704	1056
78	123	704	929
79	456	853	1031
81	342	853	1104
81	109	859	750
81	689	878	942
81	362	881	830
82	900	539	1023
83	687	853	1546
89	999	817	1034
91	315	857	653
93	408	857	708
98	28	857	1423
99	434	543	1310
100	972	1073	1258
100	123	1078	826
100	442	1110	1334
100	442	1113	1251
101	123	1074	937
101	442	1114	1137
102	528	705	1130
105	229	706	801
108	442	1075	1040
109	237	706	1210
111	123	1076	1258
111	121	1078	837
112	123	1076	1301
112	123	1077	1038
112	123	1078	825
112	104	1110	1136
112	413	1110	840
113	87	502	1105
113	87	504	1050
113	690	527	1500
114	409	707	927
116	455	503	1007
116	702	510	930
116	119	515	1333
116	33	521	828
116	453	522	847
116	120	527	1520
116	690	530	1030
116	680	537	822
117	109	503	1030
118	440	707	1115
118	316	712	1042
118	315	728	1015
119	408	1081	922
119	456	1081	745
119	442	1114	1155
120	87	503	1055
120	690	530	1005
121	87	503	1112
121	409	507	850
121	409	508	1055
121	409	509	1446
124	409	503	1132
125	123	1083	813
125	111	1091	1040
126	409	1083	840
127	409	1083	845
128	87	504	1026
128	975	533	1045
128	975	533	1059
128	975	535	1043
128	395	537	1106
130	87	504	1035
131	87	504	1048
132	87	504	1055
132	690	530	1015
132	690	530	1018
133	87	504	1105
133	23	516	1458
133	81	517	750
136	100	506	1100
136	107	524	840
136	690	551	1335
136	434	553	1117
136	690	565	950
136	690	565	1335
136	440	566	1110
136	690	567	819
137	344	506	1105
137	688	506	1440
137	100	528	815
137	395	544	930
137	400	545	1307
137	395	547	925
144	89	508	1111
144	846	539	1111
145	316	711	1316
145	107	722	921
145	316	735	1022
146	100	509	822
147	100	509	825
147	679	512	845
152	409	509	1438
152	109	515	1055
153	88	46	823
156	2	510	1123
156	483	517	731
156	80	530	756
156	690	530	1121
156	690	530	1357
156	120	536	1353
156	104	538	624
156	104	538	750
164	329	48	1001
165	409	512	927
166	440	716	935
166	440	722	900
167	107	717	930
169	409	717	1029
169	409	744	730
170	371	513	1425
171	371	513	1426
179	717	516	930
179	717	526	830
180	717	516	945
184	119	517	940
184	103	522	1420
184	688	525	1123
184	690	530	1137
186	119	517	946
187	690	721	1007
188	409	721	1347
188	409	736	1403
188	310	748	1410
188	362	748	1239
188	690	757	1415
188	518	785	1421
189	107	722	923
189	421	730	1026
189	408	745	1547
193	396	722	1152
194	395	518	926
194	395	521	1039
197	10	238	1328
198	688	723	1101
200	409	1072	1126
201	316	533	741
202	403	848	1538
202	262	853	919
203	119	849	754
204	101	169	805
204	122	172	1159
205	119	849	815
206	409	1073	1006
207	132	1074	825
207	442	1074	1020
207	442	1074	1507
207	123	1075	725
209	871	386	1448
210	123	850	816
210	408	855	716
210	409	860	814
210	107	862	1006
210	688	885	850
210	688	890	1022
217	126	387	1320
218	123	1075	718
220	440	700	858
220	690	702	1005
220	408	705	820
220	408	708	1015
220	330	718	1039
220	107	720	1049
220	320	738	854
220	690	758	830
220	690	758	1047
221	408	1075	739
221	123	1077	1019
221	408	1077	734
223	229	851	1004
224	419	852	811
224	119	853	1043
224	471	853	750
225	690	1075	826
225	994	1109	1304
225	442	1151	1120
226	55	700	1030
227	409	1075	907
228	408	853	745
228	400	856	924
228	688	887	915
228	689	888	1049
228	688	890	1022
228	688	890	1455
229	55	700	1035
230	409	1075	936
230	409	1077	815
231	55	700	1038
232	55	700	1040
232	123	1075	1235
233	123	1075	1237
234	55	700	1050
234	440	720	913
235	408	1077	733
236	262	854	951
236	689	872	858
236	689	888	1100
236	689	889	1241
236	688	890	1018
236	688	890	1502
239	409	1077	813
239	419	1081	1005
239	442	1093	755
240	329	34	851
242	123	1077	900
245	187	1077	1037
246	409	1080	740
246	123	1084	909
246	123	1084	1037
250	711	34	1527
250	803	35	1400
253	120	187	930
258	123	1084	911
258	413	1109	1056
259	650	391	839
261	121	1084	1047
266	442	1091	821
266	442	1105	1255
266	440	1108	1220
266	442	1110	912
266	442	1111	741
268	157	423	1447
268	114	447	1306
269	231	861	1001
271	408	726	1103
271	316	737	1041
271	442	737	936
274	781	424	917
275	228	861	1033
276	409	726	1138
276	409	727	1028
276	122	730	839
276	362	748	1241
276	690	758	1049
276	455	800	1004
277	189	203	1215
280	442	862	654
280	408	871	733
280	408	878	836
285	262	862	1332
286	690	727	1055
287	229	863	930
290	409	728	958
290	362	748	1243
290	690	752	1301
290	975	758	1121
292	228	863	1023
293	228	863	1032
294	317	424	1450
296	362	729	1031
296	650	739	751
297	121	425	743
297	325	425	1417
297	347	426	1006
297	112	428	1030
297	101	429	1411
297	325	429	1317
297	425	442	1013
297	325	471	1304
297	325	474	1303
298	123	730	836
298	100	735	1007
298	123	736	840
298	123	737	1447
298	123	739	1353
298	123	744	749
298	123	744	758
298	123	745	833
298	123	748	948
300	109	500	919
301	109	500	920
301	103	507	907
302	109	241	916
302	409	259	1013
302	688	259	1133
302	409	263	935
302	423	263	1005
302	688	272	1334
303	123	856	844
304	316	856	855
304	316	871	920
305	408	856	900
305	316	863	1030
305	408	868	947
307	55	504	1031
307	971	547	1107
308	425	856	1422
308	693	857	1105
308	689	872	854
308	689	878	949
308	690	885	1006
308	689	888	1049
308	689	888	1129
308	688	890	1046
308	409	897	1003
308	110	900	1100
308	421	900	1038
312	119	506	1306
312	680	510	1000
312	100	515	955
312	119	517	935
312	678	517	700
312	690	530	1015
312	316	535	905
312	395	538	855
312	395	539	1029
312	442	540	1200
312	409	546	1155
312	395	547	953
312	442	552	1105
312	395	554	1050
312	395	557	1040
312	395	559	830
312	110	561	930
313	425	506	1319
314	442	857	1316
315	126	857	1332
316	4	1104	1018
316	409	1105	1100
316	123	1109	1112
316	123	1112	813
316	123	1115	727
316	102	1157	724
317	311	506	1355
317	690	530	1010
317	690	530	1355
317	975	533	1130
317	421	551	1105
321	408	858	754
322	109	507	818
326	402	1105	753
326	104	1112	914
326	123	1114	753
326	396	1115	751
327	364	509	930
327	109	529	1000
329	109	868	959
331	409	1105	1055
331	408	1116	813
332	434	1105	1116
332	690	1151	910
335	980	868	1332
335	688	880	934
335	688	885	842
335	688	885	1026
335	688	888	1054
335	688	890	1045
335	111	904	915
335	107	906	1006
337	434	1106	1010
338	228	703	818
340	228	703	842
341	320	1107	755
341	688	1114	1441
343	187	61	1530
343	86	62	1320
343	12	101	1300
343	102	112	1058
343	409	124	907
344	93	1107	1110
345	84	517	1337
347	348	1107	1452
348	323	517	1410
348	690	530	1019
348	483	537	838
349	408	871	915
352	228	703	1023
352	230	703	938
352	229	706	817
352	231	706	930
353	689	872	852
353	688	890	1023
353	688	890	1448
354	689	872	857
354	689	878	1008
354	689	886	1211
354	689	888	1114
354	688	889	1223
354	688	890	1029
354	689	891	1009
354	120	897	1541
354	307	897	1154
354	690	900	1109
354	101	904	1315
354	419	904	917
354	79	912	931
354	409	912	959
354	409	917	823
354	449	918	1200
354	408	942	826
355	348	334	800
356	230	703	1010
356	229	706	806
359	440	1108	1230
359	442	1112	1332
359	440	1113	1303
360	105	877	1035
360	544	903	1044
360	528	907	1016
362	689	877	1546
362	689	878	945
362	688	890	1025
362	688	890	1448
362	688	891	740
364	104	1109	959
365	229	703	1114
366	419	878	813
366	689	888	1131
366	688	890	1018
366	688	890	1502
366	688	891	740
367	419	1109	1023
368	22	521	1429
369	689	878	951
369	689	878	1010
371	117	525	1116
371	690	530	1023
372	688	525	1225
372	80	530	718
372	690	530	1003
372	107	537	1143
372	690	555	1211
372	495	566	843
373	680	525	1130
373	100	528	808
373	690	530	1009
373	104	535	955
373	408	537	950
373	104	538	751
373	104	539	959
373	87	545	1515
373	330	559	1037
373	129	564	1423
373	102	578	800
373	409	629	822
375	919	1109	1413
376	995	1109	1423
378	346	1109	1504
378	262	1110	1026
378	440	1113	1030
382	123	1110	850
383	123	1110	850
384	442	1110	908
384	111	1114	845
385	529	705	1025
385	529	738	1048
387	104	1110	1140
391	843	538	1446
391	900	539	1017
394	481	341	1505
394	83	353	814
395	434	342	1100
396	123	1111	751
397	344	543	802
397	33	546	940
397	690	552	1335
397	330	559	1000
397	330	559	1015
397	690	568	831
397	690	569	812
397	690	572	802
400	409	493	1130
401	408	493	1328
401	409	493	1132
401	408	494	728
401	425	494	810
401	390	520	1528
402	187	493	1144
404	262	1111	1009
404	123	1114	925
406	409	967	735
406	408	968	1348
406	409	968	732
406	409	969	839
406	120	983	815
407	440	1111	1343
408	409	493	1353
409	105	1111	1356
410	119	493	1408
411	123	1112	808
411	123	1113	845
412	123	1112	826
412	442	1112	945
412	123	1113	849
412	442	1151	1048
413	119	493	1416
414	119	493	1420
414	119	495	736
415	262	1112	1023
415	262	1114	1027
415	79	1115	926
416	493	493	1425
416	423	494	720
418	1	493	1438
419	1	494	729
419	399	494	1045
420	690	334	1053
420	409	335	930
421	442	1113	838
421	442	1113	1025
421	123	1114	802
422	123	1113	843
423	119	494	804
423	119	495	735
424	111	1113	908
424	408	1114	906
425	425	968	1312
426	111	1113	921
427	46	100	748
427	246	132	930
427	389	175	900
428	409	494	829
431	442	1113	1315
432	442	494	930
434	111	980	1034
434	688	981	1120
435	434	1113	1418
437	471	494	1057
438	409	494	1114
439	971	981	913
440	969	736	1114
441	969	736	1116
442	688	981	1122
443	121	495	722
444	442	1114	1347
445	344	982	753
446	442	982	815
446	408	983	855
447	408	737	1047
447	123	745	848
448	120	495	748
449	121	495	753
449	409	508	1050
449	679	509	1147
449	690	527	1515
451	442	495	829
452	2	983	925
452	440	1025	918
452	442	1071	1110
452	123	1074	1010
452	442	1075	942
453	109	529	1006
456	425	529	1043
456	114	530	941
456	100	538	921
456	690	551	1412
456	395	557	1040
456	690	563	1030
456	690	565	950
462	442	1109	909
463	442	1109	921
465	315	530	901
465	120	549	935
465	442	652	950
466	374	1151	900
466	123	1154	841
468	690	530	1001
469	690	530	1006
469	33	537	854
469	120	537	1159
469	104	538	755
469	690	567	1440
469	434	577	1022
470	690	530	1007
470	690	531	732
470	975	533	1135
471	690	530	1014
471	320	537	1012
471	33	557	845
471	690	565	1022
471	690	571	1125
472	690	530	1017
473	690	1151	1130
473	123	1154	840
474	690	1151	1130
475	690	1151	1130
476	690	1151	1130
477	690	1151	1130
477	123	1159	721
478	690	1151	1130
479	690	1151	1130
480	690	1151	1130
481	690	1151	1130
482	690	1151	1130
483	690	1151	1130
484	690	1151	1130
485	409	799	908
485	308	800	1035
487	262	1151	1354
487	262	1156	901
488	690	1151	1438
489	690	1151	1440
490	690	1151	1445
490	33	1159	1132
491	690	1151	1450
494	111	799	1033
494	318	836	822
494	408	836	738
494	408	858	810
494	316	877	1015
494	689	888	1109
494	688	890	1059
494	688	890	1501
494	688	891	745
504	342	111	1501
506	120	776	744
506	101	791	724
506	474	797	745
506	408	833	812
506	316	846	837
506	123	849	818
506	400	849	752
506	123	855	659
506	119	857	827
506	316	858	745
507	119	476	944
509	123	1154	825
509	123	1157	707
511	400	476	1007
513	440	1016	914
514	440	1016	915
515	440	1016	918
516	366	778	1233
516	61	789	1408
517	366	778	1235
518	366	778	1245
519	123	1154	855
520	86	778	1512
520	114	806	855
522	89	490	1035
523	409	490	1044
523	119	519	744
523	681	524	907
523	690	530	1133
523	975	533	1140
523	975	534	1105
523	975	535	1055
523	395	563	1438
523	395	571	829
528	86	781	822
528	440	788	1225
528	461	795	1346
528	408	833	807
530	409	369	834
530	409	371	933
530	409	374	838
531	867	490	1320
531	119	492	1137
531	120	493	1016
532	690	1154	1154
533	230	490	1349
534	440	1025	910
536	230	490	1417
537	109	1155	1002
538	107	1155	1006
538	408	1157	747
538	408	1159	1037
539	230	490	1434
540	242	355	1430
541	230	490	1445
542	518	781	1629
542	442	1028	845
544	366	782	807
545	440	782	926
545	273	849	948
545	273	853	956
546	423	491	1610
548	109	1035	1403
548	106	1036	1040
549	408	492	1032
549	408	492	1151
549	408	493	1053
549	409	509	1440
550	502	1155	1405
554	194	785	1456
554	658	790	1415
554	110	799	918
555	409	492	1056
556	106	1036	1056
558	425	492	1107
558	100	520	918
559	119	492	1111
563	119	492	1132
563	409	493	1133
563	493	494	1038
564	425	492	1134
565	119	492	1140
572	1	493	629
572	89	506	951
573	978	1155	1350
574	225	1157	730
575	187	124	938
575	122	169	811
575	117	172	1148
576	187	124	942
578	409	493	805
580	453	124	1419
581	229	1157	812
582	230	1157	822
584	119	127	745
585	109	493	855
587	109	493	902
588	106	1159	851
593	430	493	953
594	366	797	1020
595	52	797	1027
596	408	493	1036
596	408	493	1322
596	383	504	810
597	113	797	1454
598	109	493	1116
599	409	493	1122
600	123	1157	705
600	409	1159	941
601	123	1157	714
601	123	1159	1052
605	114	127	1527
607	315	1157	824
608	408	1159	1043
614	123	1157	901
614	123	1159	723
615	123	1157	903
615	123	1159	647
615	449	1161	704
616	104	788	1544
616	112	793	1020
616	396	836	855
616	408	846	817
616	689	877	928
616	689	877	1547
616	409	880	909
616	689	888	1045
617	123	789	801
617	693	833	1322
617	693	836	931
617	123	855	840
617	693	857	1106
617	442	858	814
617	474	862	747
618	421	789	821
618	316	854	559
618	689	880	1210
618	688	884	1403
618	688	885	852
618	689	888	1041
618	688	890	1027
618	688	890	1506
618	688	891	800
619	123	362	904
621	109	362	920
621	330	384	1145
621	123	401	815
621	330	401	1600
622	525	789	1007
623	440	131	1318
624	1	362	1045
636	111	1159	955
637	118	133	1351
637	116	172	1130
638	123	790	1420
638	123	791	950
638	123	796	906
638	474	862	748
639	409	369	829
640	409	369	837
640	119	384	859
640	409	384	823
640	690	384	1007
645	1	371	840
656	409	374	849
656	690	384	924
656	409	389	917
658	680	1161	910
660	566	792	1208
662	949	792	1309
670	187	795	836
674	322	795	1050
674	318	821	1034
674	409	857	1116
679	189	795	1130
683	110	797	745
691	690	384	923
695	228	801	739
696	121	384	1002
696	971	391	910
696	971	391	1555
696	971	422	1039
697	690	384	1009
697	347	388	1405
697	330	394	1055
697	123	401	813
697	632	426	947
697	408	456	724
697	419	469	1017
697	123	495	716
700	330	384	1147
701	455	800	937
702	455	800	942
703	440	621	756
707	676	800	1023
707	119	854	1058
707	409	855	1106
708	440	621	920
709	120	151	1126
709	119	178	1037
709	434	179	1140
709	119	206	1215
709	688	215	1105
710	971	621	952
714	228	801	726
716	440	621	1049
717	187	388	1440
719	113	621	1109
722	971	391	910
727	971	391	924
728	440	625	1044
730	440	625	1103
731	119	155	1015
731	119	204	1040
735	2	391	1037
735	496	424	1520
739	228	801	932
740	971	391	1536
741	233	801	953
742	228	801	1015
743	971	391	1543
744	971	391	1545
744	971	398	1346
745	971	391	1550
746	971	391	1557
747	442	801	1254
751	971	393	1108
752	971	393	1113
753	119	161	753
753	119	181	1315
753	421	182	759
755	119	161	818
755	119	172	810
755	409	172	821
755	119	174	836
755	732	174	952
755	119	176	830
755	119	177	1009
755	328	178	930
760	440	639	852
760	690	654	858
762	440	394	1242
764	440	643	742
769	690	847	1627
769	119	849	801
773	409	398	922
773	187	401	1105
773	330	416	847
773	971	428	950
774	971	647	852
774	690	653	1443
774	690	654	848
775	330	398	950
776	330	647	1001
780	971	398	1349
780	366	401	1535
781	971	398	1401
781	971	422	1057
781	187	425	1021
783	119	848	1120
783	409	848	1428
783	110	850	917
783	409	858	704
783	120	868	1051
784	399	848	1126
784	442	854	1333
784	442	855	811
784	442	857	1053
784	409	859	722
784	409	859	732
784	419	912	1154
785	192	848	1443
785	399	848	1127
786	409	848	1137
787	419	848	1338
789	123	849	717
789	970	901	1133
791	425	663	816
791	409	699	1320
791	119	703	1424
791	409	735	1055
791	114	748	920
792	119	849	755
793	119	849	759
795	119	849	816
795	119	855	1123
795	409	859	718
795	689	888	1115
796	409	849	826
801	409	849	850
801	689	888	1107
801	689	888	1129
801	688	890	1044
801	688	891	740
802	440	401	1427
805	330	401	1605
805	408	492	1031
805	408	493	1028
805	408	494	1005
810	690	653	1417
810	120	654	825
811	690	653	1425
811	409	656	1016
811	119	701	1138
811	362	701	1050
811	81	702	1024
811	362	702	743
811	690	716	1105
812	690	653	1449
812	690	654	905
813	690	653	1512
814	409	850	859
816	366	404	1345
818	650	850	1025
818	492	854	835
819	330	404	1501
819	119	416	831
819	688	416	1111
821	408	850	1554
822	690	654	855
823	690	654	901
824	690	654	902
825	690	654	903
826	971	174	800
826	971	175	835
828	971	175	734
829	781	654	1110
832	921	407	1343
833	228	851	940
834	52	407	1427
836	366	407	1438
837	316	852	826
839	408	852	845
841	400	853	544
841	400	854	850
843	408	853	745
847	187	410	915
850	346	853	908
850	400	854	812
850	971	854	923
851	971	188	855
855	53	410	1528
856	123	698	1128
856	408	700	1000
856	408	701	858
856	107	724	812
856	408	726	1109
856	408	731	834
856	408	732	1037
856	442	735	1353
856	123	748	948
859	123	698	1231
859	55	700	1030
860	402	853	1035
860	395	914	931
861	917	853	1340
861	400	854	851
861	400	855	642
861	400	856	612
861	400	856	935
861	689	884	1401
862	409	699	906
862	408	700	1000
862	409	702	937
862	690	702	1005
862	119	703	1421
862	409	703	912
862	408	704	810
862	409	717	1034
862	119	720	1010
862	688	723	1058
867	1	854	755
867	409	854	1030
867	408	855	1041
867	123	856	844
868	123	413	827
868	178	429	941
868	409	484	932
868	449	494	718
870	688	413	855
872	262	854	953
873	403	413	940
876	409	854	1033
876	120	857	825
876	693	857	1107
876	690	885	902
876	689	888	1105
876	689	888	1123
878	357	700	748
878	362	700	812
878	372	700	1018
878	81	702	1025
878	440	725	1421
878	413	736	831
879	316	854	1111
879	316	857	645
880	316	854	1113
886	330	416	850
886	192	429	1745
886	690	429	1325
887	316	855	737
887	701	857	939
887	409	858	658
889	453	218	921
889	119	219	940
889	119	224	859
889	123	263	1012
889	409	263	856
891	119	855	832
892	693	855	853
892	693	857	1059
892	399	878	810
892	689	888	1047
892	689	888	1130
892	120	890	1516
892	688	890	1053
892	688	890	1505
892	689	891	737
892	689	891	1005
892	701	894	958
892	101	895	1346
892	693	897	1025
894	372	700	1038
894	372	701	859
894	362	707	1417
894	690	710	930
894	969	736	1114
895	330	416	1115
895	453	432	821
900	688	730	932
900	650	739	1458
901	421	730	1004
901	399	739	845
901	395	785	1411
903	409	730	1029
903	409	732	1008
903	409	738	1515
903	975	765	1408
903	975	788	1450
903	440	794	953
903	455	800	1003
904	693	862	803
904	688	891	739
906	111	422	747
906	399	487	953
906	100	509	645
906	344	509	1015
906	119	517	945
906	109	521	944
906	364	528	825
906	316	529	1029
906	316	530	923
906	316	530	1113
906	109	531	910
906	316	532	839
909	91	863	1141
911	122	171	920
911	120	172	832
911	119	176	827
911	119	177	1020
911	119	179	1135
911	119	181	1303
913	111	422	819
913	158	423	1624
913	409	427	842
913	453	434	820
915	112	422	835
916	112	422	839
916	109	493	849
917	123	732	1114
917	969	736	1113
917	123	752	1245
917	409	752	1317
920	316	898	803
920	109	907	1331
920	109	913	901
921	465	898	821
921	409	905	1437
923	330	734	1554
943	109	738	800
943	409	739	959
944	408	738	816
944	408	745	1550
947	114	425	819
947	187	425	808
959	922	426	1327
964	691	927	1356
966	971	428	818
967	971	428	822
982	51	935	1121
994	875	434	857
1000	109	418	844
1015	112	422	842
1017	6	422	1007
1019	971	422	1037
1020	971	422	1043
1021	971	422	1045
1022	971	422	1050
1023	971	422	1053
1025	971	422	1438
1027	409	895	929
1027	689	896	1440
1027	679	908	1230
1027	688	941	1012
1027	690	941	1024
1027	690	950	929
1032	704	896	1410
1032	409	898	1200
1034	107	897	746
1040	272	897	1048
1044	362	938	1020
1049	187	425	955
1050	409	939	827
1054	920	429	1413
1056	690	940	1105
1059	971	429	1440
1059	921	449	1347
1084	366	442	934
1101	971	171	1057
1101	971	173	955
1101	971	175	750
1101	971	188	833
1102	442	788	850
1102	693	799	816
1105	81	172	917
1110	199	425	1458
1110	475	428	1147
1113	971	173	948
1113	971	178	1408
1114	971	173	957
1114	971	173	1040
1114	971	173	1106
1114	119	174	1026
1114	971	175	945
1117	87	426	1050
1117	975	533	1143
1118	971	173	1021
1118	971	175	728
1118	971	178	1335
1118	971	178	1446
1120	971	173	1044
1121	971	173	1059
1128	560	790	1100
1129	119	174	744
1129	111	201	1055
1130	119	174	747
1130	119	174	1017
1130	119	176	1023
1130	119	177	1019
1130	111	178	935
1130	119	180	832
1130	119	181	1529
1130	119	182	1426
1135	123	791	945
1135	114	806	1611
1137	179	791	1115
1137	318	851	701
1137	316	852	821
1137	409	855	748
1147	110	176	939
1147	971	184	925
1147	971	193	820
1149	119	176	1032
1151	112	793	950
1152	112	793	954
1152	107	795	1001
1152	408	850	1048
1153	112	793	956
1153	300	797	830
1153	111	799	740
1155	118	177	1105
1161	119	178	1031
1161	119	181	1251
1161	33	208	809
1161	680	214	910
1161	688	221	1433
1161	33	224	848
1161	481	225	953
1170	113	794	1028
1170	318	839	1125
1177	970	794	1405
1201	434	220	1410
1216	971	222	847
1223	458	426	1530
1224	33	224	806
1224	82	356	858
1229	844	738	1009
1234	795	738	1129
1235	795	738	1132
1236	434	738	1156
1236	123	744	745
1236	123	745	1538
1244	78	264	935
1244	409	269	807
1251	408	745	906
1251	408	748	811
1252	475	428	1145
1255	969	745	1019
1265	311	745	1609
1266	998	266	1045
1276	409	748	831
1276	112	793	1032
1279	409	748	837
1280	123	748	950
1285	690	752	1253
1285	690	758	1051
1286	690	752	1257
1286	121	757	744
1286	690	758	1040
1286	119	775	829
1286	106	788	915
1286	693	797	1346
1287	688	752	1305
1287	518	785	1419
1287	179	790	1438
1287	113	797	1459
1288	409	752	1313
1291	123	757	817
1291	123	776	759
1291	409	833	940
1294	690	757	1320
1294	108	778	1418
1294	104	788	1546
1294	123	796	828
1294	346	849	730
1298	119	476	713
1302	425	301	1350
1302	409	302	837
1302	409	305	932
1302	109	306	820
1302	690	334	1052
1302	119	336	755
1303	921	436	1247
1307	690	758	1042
1308	317	758	1535
1308	690	758	1045
1308	192	790	1602
1310	996	758	1404
1317	690	550	1205
1334	975	765	1410
1335	109	456	657
1341	122	767	722
1341	440	785	852
1344	354	456	1050
1354	86	461	739
1355	381	461	903
1364	885	463	1442
1369	921	464	943
1372	56	465	1127
1375	751	466	1336
1376	751	466	1340
1388	7	468	1034
1401	123	775	858
1401	307	800	1028
1403	100	475	735
1403	678	509	1202
1403	680	515	1043
1403	344	521	801
1403	690	530	1017
1403	102	539	948
1413	429	777	1447
1414	323	479	753
1421	308	479	1056
1430	116	481	827
1440	361	485	1106
1440	55	502	1001
1441	455	785	1036
1441	104	788	1546
1441	112	793	1014
1441	108	799	715
1441	114	804	1435
1454	409	487	1019
1465	679	493	1039
1467	482	494	756
1467	85	512	950
1470	483	494	809
1473	332	494	846
1473	449	495	710
1473	123	501	835
1475	370	494	855
1477	401	494	1141
1483	871	496	955
1486	409	498	1518
1486	409	508	1057
1487	85	498	1532
1487	440	526	1230
1487	690	530	1016
1487	690	530	1130
1487	975	533	1116
1487	975	534	1055
1487	975	535	1044
1487	109	536	838
1491	7	499	1130
1491	87	506	1025
1491	100	509	833
1491	107	510	1400
1491	679	510	706
1491	690	530	1009
1492	10	499	1139
1494	123	500	822
1495	119	500	831
1496	456	500	848
1497	425	500	856
1498	318	821	808
1500	10	532	1345
1501	690	532	1410
1502	690	532	1410
1502	975	533	1102
1503	896	799	1130
1510	442	821	906
1513	717	537	1310
1513	690	550	851
1513	690	551	1455
1513	690	567	825
1513	100	571	804
1517	434	538	1500
1521	318	828	833
1521	318	836	832
1530	395	544	935
1530	188	567	1449
1530	690	574	724
1530	690	574	1300
1532	228	829	801
1534	228	829	809
1543	408	833	800
1543	964	856	1058
1543	316	873	748
1543	104	880	840
1554	409	833	923
1555	409	833	930
1559	318	833	957
1559	318	839	857
1561	409	833	1020
1567	972	552	1130
1571	273	833	1133
1572	128	553	1100
1574	408	833	1402
1574	318	839	850
1574	408	848	907
1574	688	850	1131
1574	318	853	933
1574	316	858	1425
1574	396	859	1102
1574	409	868	1041
1574	409	870	1259
1576	316	836	732
1590	318	836	844
1590	998	900	1420
1592	421	836	851
1595	474	836	910
1597	123	836	925
1601	838	543	1440
1604	119	533	933
1604	455	550	831
1604	690	550	1143
1604	111	561	940
1604	690	561	1120
1604	690	563	1031
1606	80	533	1055
1607	330	533	1105
1611	395	533	1520
1613	395	533	1525
1613	467	549	753
1613	690	559	841
1616	316	534	804
1620	975	535	1040
1621	975	535	1041
1623	975	535	1043
1625	975	535	1046
1626	114	804	831
1631	228	804	1018
1635	228	805	728
1637	229	805	743
1641	115	536	1028
1646	233	805	825
1649	320	537	1014
1650	690	537	1029
1650	409	538	833
1650	330	551	1357
1651	308	537	1059
1651	690	553	1003
1655	612	537	1412
1665	999	807	917
1667	80	538	640
1668	999	807	928
1669	999	807	931
1674	999	807	1017
1676	346	808	1020
1676	397	853	748
1677	102	808	1031
1685	844	539	1510
1688	395	563	1340
1689	395	563	1351
1689	82	566	911
1693	395	564	831
1693	690	564	1410
1696	395	564	905
1697	101	564	1032
1705	690	550	745
1705	690	565	1032
1705	650	566	931
1705	690	567	1444
1705	690	571	1011
1708	330	550	1107
1708	22	561	1415
1708	690	568	825
1710	690	551	1459
1710	330	557	1435
1710	395	559	843
1710	402	563	1531
1710	112	564	948
1710	395	564	835
1711	690	551	1545
1712	690	885	838
1712	690	885	1011
1712	688	887	912
1712	689	888	1050
1712	689	889	1215
1712	688	890	1448
1712	689	891	1005
1713	688	885	859
1713	688	891	748
1714	449	885	930
1714	689	888	1058
1714	690	889	1213
1714	688	890	704
1714	688	890	1018
1714	688	890	1448
1714	971	926	1020
1716	330	557	1430
1716	690	568	1425
1716	690	571	1022
1720	688	887	919
1720	688	889	1220
1720	688	890	1035
1720	688	890	1455
1722	689	888	1044
1722	688	891	749
1722	520	919	1014
1723	688	888	1052
1723	688	890	1447
1723	688	891	759
1723	688	912	1535
1724	689	888	1101
1724	688	890	1100
1725	689	888	1121
1727	366	562	1409
1728	688	890	1020
1729	688	890	1028
1729	689	890	1508
1730	688	890	1031
1730	362	917	1003
1731	688	890	1032
1732	688	890	1050
1732	688	891	740
1732	395	908	1009
1732	87	926	1522
1733	688	890	1052
1733	688	890	1455
1733	688	891	740
1733	689	891	1010
1733	674	912	1339
1734	688	890	1459
1734	688	891	745
1734	650	904	1430
1734	315	966	837
1735	689	891	1001
1736	689	891	1008
1736	187	927	1316
1736	316	938	1038
1736	409	940	1042
1736	688	941	1030
1737	688	890	1036
1737	688	890	1455
1737	688	891	739
1737	689	891	1045
1737	346	897	717
1737	315	898	753
1737	104	908	1102
1737	434	909	811
1737	361	910	1023
1737	110	912	1020
1737	396	916	1111
1737	109	940	1003
1737	690	941	951
1737	440	946	937
1737	971	947	1022
1739	689	891	1301
1740	690	569	1400
1740	650	615	1124
1741	689	891	1301
1742	689	891	1301
1745	689	891	1301
1751	409	570	735
1753	316	897	1041
1753	421	900	1038
1753	690	908	1333
1753	316	939	729
1753	109	941	751
1754	688	899	905
1754	690	950	1121
1761	528	570	825
1765	80	902	852
1790	528	905	917
1794	529	570	949
1796	529	570	954
1801	449	544	850
1806	109	546	1020
1806	187	556	1200
1806	440	566	850
1806	693	567	1324
1806	690	571	1039
1806	690	572	754
1807	316	900	1000
1810	523	901	1447
1813	395	547	922
1813	315	549	805
1819	528	902	1117
1826	101	551	1005
1826	442	552	1120
1826	330	559	1145
1826	690	559	1120
1826	690	561	855
1826	690	565	936
1826	690	567	829
1826	977	567	1455
1826	690	574	1301
1837	395	554	1037
1837	518	564	1445
1839	185	906	1056
1843	440	907	1235
1844	109	907	1325
1852	228	909	949
1853	454	561	930
1857	39	561	1434
1857	701	564	635
1857	139	565	800
1857	701	571	940
1858	120	563	1535
1858	344	563	1214
1859	362	910	906
1859	409	912	1026
1859	318	913	1059
1859	409	920	916
1859	409	922	1045
1859	409	938	950
1859	690	940	1107
1859	690	950	1100
1859	409	982	903
1859	409	983	831
1877	395	578	1010
1886	528	917	955
1892	528	917	1022
1895	528	917	1033
1909	395	547	1427
1933	674	565	947
1933	690	565	1101
1933	690	571	1020
1934	409	565	1345
1934	690	568	1105
1934	690	571	1024
1934	690	572	801
1944	455	567	1359
1944	690	567	836
1944	690	571	1025
1947	440	942	844
1948	972	567	950
1949	972	567	958
1951	971	567	1027
1954	971	567	1035
1954	440	643	756
1955	971	567	1036
1956	690	947	1347
1958	440	948	1131
1959	49	567	1213
1964	516	567	1434
1965	193	567	1445
1966	690	568	827
1966	690	572	804
1966	690	574	1301
1967	971	568	858
1967	690	571	1037
1967	690	572	810
1969	690	568	1051
1971	518	568	1508
1971	690	571	1127
2001	396	897	1050
2001	315	898	755
2001	111	901	1243
2001	109	902	940
2007	529	898	1115
2011	104	550	843
2011	442	615	941
2011	453	615	1129
2012	529	898	1130
2012	528	903	1038
2016	482	550	1040
2016	690	572	755
2016	396	639	833
2016	409	639	828
2020	323	551	827
2027	323	556	755
2030	395	557	1047
2030	423	557	844
2030	396	563	1315
2030	690	567	830
2035	228	902	1215
2036	971	561	949
2047	529	563	1103
2054	971	565	1351
2066	701	571	928
2068	372	912	1008
2068	688	981	1135
2173	528	570	1118
2200	651	919	842
2201	395	919	1026
2205	701	571	1342
2214	316	615	1026
2216	474	615	1034
2218	650	615	1402
2222	650	616	712
2223	423	616	719
2227	520	616	1015
2232	690	616	1404
2240	408	617	859
2241	102	617	905
2241	690	639	920
2241	690	654	856
2256	120	619	801
2256	121	629	749
2256	440	652	1002
2256	690	654	849
2268	442	651	815
2268	123	663	734
2270	408	651	837
2270	110	659	1217
2275	408	651	925
2275	442	663	902
2279	971	651	1115
2279	994	652	1120
2289	440	652	1005
3227	927	25	1423
3252	126	34	1444
3252	344	52	1258
3540	56	118	917
3653	119	138	850
3653	119	174	1029
3701	316	735	1034
3701	107	737	1436
3701	109	738	735
3701	442	738	941
3701	362	748	1237
3701	409	748	1050
3702	409	735	1058
3702	408	738	1330
3702	396	748	817
3702	409	748	1042
3702	442	792	823
3707	440	621	918
3707	442	643	901
3786	89	848	1519
3787	91	848	1525
5001	371	519	910
5001	100	528	805
5001	100	532	945
5008	101	2	1209
5018	395	522	947
5018	690	530	1008
5018	690	530	1123
5018	119	533	945
5018	975	533	1055
5018	516	547	1453
5020	395	522	1028
5022	109	524	740
5027	47	3	1405
5027	78	8	1000
5030	999	796	846
5035	717	526	835
5037	408	701	855
5037	408	702	915
5048	395	533	835
5048	395	538	914
5048	395	539	1057
5053	975	533	1045
5060	975	533	1113
5060	975	535	1051
5061	975	533	1118
5061	975	534	1104
5061	690	571	1035
5061	690	571	1126
5062	118	702	1000
5062	409	702	934
5062	690	702	1050
5062	690	710	926
5071	104	538	800
5071	104	538	810
5071	104	539	958
5071	104	540	800
5078	193	538	1005
5081	900	539	1020
5081	449	545	1042
5081	690	553	1052
5081	690	564	1408
5081	690	571	1042
5081	690	574	1302
5089	927	13	907
5091	971	543	845
5093	971	543	900
5093	972	567	953
5109	22	501	1510
5111	87	502	1030
5114	679	503	914
5133	80	180	940
5133	80	188	859
5156	123	47	955
5166	409	512	954
5169	371	513	1411
5205	456	699	1335
5205	409	702	946
5205	409	727	1029
5205	409	731	1031
5205	409	737	1138
5205	362	748	1240
5218	140	387	1424
5224	55	700	1025
5227	55	700	1020
5228	55	700	1030
5229	102	25	1537
5230	55	700	1037
5233	453	178	745
5235	126	26	1121
5236	55	700	1056
5242	121	34	909
5242	927	35	1414
5242	817	65	1512
5269	158	423	1624
5269	322	426	1505
5280	971	208	1450
5280	971	215	900
5280	971	221	931
5280	971	223	928
5293	33	219	835
5298	87	425	818
5304	372	701	852
5304	372	701	1045
5304	409	702	1022
5304	372	703	745
5304	409	704	956
5304	374	707	805
5304	679	707	757
5304	114	710	1002
5304	114	711	924
5305	55	502	1141
5308	55	504	1035
5315	109	248	803
5315	409	259	1002
5316	311	506	1352
5316	88	521	1015
5316	690	530	1134
5316	690	538	1125
5321	108	507	806
5340	467	333	810
5352	109	521	946
5352	332	527	1452
5352	690	530	1020
5352	454	532	1147
5352	690	545	1144
5353	230	703	948
5356	88	521	1012
5356	330	529	1157
5356	690	530	1127
5356	975	537	1112
5356	395	564	851
5356	690	567	833
5356	92	569	923
5356	690	572	835
5366	229	703	1116
5366	229	706	832
5369	105	334	1050
5385	83	535	912
5406	109	493	1341
5406	456	500	845
5406	371	513	1423
5415	119	493	1422
5426	229	706	908
5435	84	736	858
5439	409	494	1115
5440	409	494	1117
5441	409	494	1119
5441	528	571	1008
5447	120	495	743
5474	690	530	1025
5477	409	355	943
5477	330	379	1446
5477	690	384	928
5478	690	530	1124
5479	690	530	1401
5479	33	539	1331
5479	690	561	1128
5479	690	564	846
5479	690	565	937
5479	33	567	1112
5479	690	571	1021
5479	690	571	1034
5479	690	572	759
5480	690	530	1403
5480	975	535	1052
5480	103	536	840
5480	104	538	622
5480	104	538	751
5480	104	539	958
5480	104	540	1130
5480	109	540	938
5483	80	106	1341
5488	316	532	830
5488	975	535	1042
5488	518	568	1505
5488	395	578	1020
5506	330	111	1533
5517	408	490	1003
5517	409	509	1450
5517	679	512	820
5517	409	518	737
5595	408	493	1032
5595	408	494	725
5595	113	507	848
5595	111	529	1144
5708	119	151	1116
5709	440	621	922
5739	919	391	1513
5739	123	416	856
5741	971	391	1540
5741	971	394	1338
5741	919	410	1604
5742	971	391	1542
5764	988	394	1355
5769	442	643	901
5783	678	190	946
5791	187	401	950
5791	111	422	755
5792	409	663	816
5792	123	698	1150
5814	690	653	1515
5814	690	654	859
5814	442	668	859
5821	690	654	851
5821	330	656	1028
5829	921	407	953
5837	869	407	1500
5841	442	657	816
5850	187	410	932
5867	123	413	812
5879	330	416	759
5879	330	416	841
5887	102	416	905
5887	118	422	811
5887	187	425	810
5887	111	471	1006
5887	109	521	1107
5894	330	416	1113
5903	123	422	725
5903	102	423	724
5903	325	425	1105
5903	632	426	947
5903	124	429	1355
5903	325	429	1316
5904	408	731	822
5904	409	737	1150
5909	409	731	859
5909	409	732	1006
5982	456	429	1031
5982	921	436	1247
5982	187	473	1053
5982	409	479	1047
5982	408	492	1151
5982	347	503	845
6033	389	186	951
6037	389	186	1033
6050	440	424	1400
6055	114	257	1316
6056	975	533	1057
6056	975	534	1058
6063	409	259	1007
6063	409	259	1032
6063	187	268	855
6063	409	268	850
6063	409	302	820
6114	189	426	720
6114	189	427	1046
6135	109	175	726
6156	104	539	1001
6156	427	539	1352
6163	329	48	953
6170	632	221	821
6229	317	427	1036
6233	55	700	1046
6234	191	427	1113
6234	395	544	900
6234	125	546	1030
6234	395	547	1405
6236	53	427	1150
6268	89	36	1441
6269	688	726	936
6269	409	731	902
6269	123	732	1049
6269	409	737	1205
6269	518	781	1626
6269	455	800	931
6294	325	475	1334
6294	402	510	1411
6294	690	530	1140
6305	123	60	819
6313	456	60	932
6321	116	60	1055
6369	229	703	1126
6369	233	706	1228
6372	120	335	1115
6406	690	333	1044
6406	119	334	954
6406	690	334	1050
6406	690	335	1000
6406	119	336	750
6406	409	384	816
6406	690	384	926
6409	435	99	745
6409	121	118	1348
6409	347	130	1122
6409	118	133	1400
6409	119	138	901
6409	119	161	758
6446	493	337	1131
6446	119	341	1015
6447	88	100	1417
6447	440	131	1310
6447	117	133	1421
6448	979	100	1430
6452	82	339	855
6452	10	345	1140
6469	690	530	1002
6470	80	354	748
6473	342	106	835
6481	842	106	1051
6503	395	533	1530
6503	975	533	1145
6510	81	536	1130
6510	690	571	1032
6563	87	121	1307
6563	342	151	1108
6596	32	127	1110
6598	342	127	1125
6624	440	131	1332
6626	975	535	1108
6626	395	547	930
6626	690	565	911
6626	529	567	905
6631	409	565	833
6676	33	539	810
6676	474	549	1123
6676	690	571	1126
6676	690	574	1301
6723	529	560	1521
6723	529	570	1034
6724	690	561	1017
6724	33	567	1119
6724	395	571	845
6724	690	574	721
6724	680	577	1124
6732	690	565	920
6732	395	568	1455
6732	330	571	1047
6732	690	572	1008
6732	690	574	717
6733	690	565	931
6734	690	565	951
6734	440	567	1305
6734	119	569	1350
6734	116	618	1425
6735	690	565	1015
6735	690	572	1014
6735	402	575	815
6736	690	565	1035
6736	440	652	1009
6741	690	571	1057
6741	690	572	958
6745	326	159	1400
6745	453	182	916
6837	679	656	1047
6839	419	559	800
6839	690	565	925
6839	690	565	1324
6839	130	566	1620
6839	690	572	1004
6839	690	574	1305
6915	409	172	825
7003	409	699	1430
7017	80	174	1330
7017	119	210	830
7020	453	180	1400
7022	999	796	810
7068	423	575	923
7083	434	540	855
7225	316	388	908
7266	231	861	949
7304	55	502	1001
7316	455	857	1421
7331	455	509	1131
7331	690	530	1122
7331	316	533	805
7331	681	534	850
7331	118	547	843
7331	690	561	1021
7332	409	702	1010
7344	228	703	858
7347	323	517	1401
7373	970	1109	1313
7375	20	703	1455
7376	83	337	1050
7382	838	338	1530
7387	759	339	1145
7404	408	493	1208
7409	400	493	1355
7415	408	967	1058
7421	119	494	754
7424	119	494	806
7426	409	968	1333
7426	409	983	828
7435	119	494	1048
7435	975	533	1124
7435	975	537	1117
7435	395	547	919
7435	87	550	1200
7435	395	553	1137
7435	395	554	1043
7473	690	530	1021
7473	690	532	816
7474	123	798	716
7475	690	530	1027
7475	495	566	844
7476	690	530	1028
7476	409	532	1022
7477	690	530	1120
7478	397	798	912
7479	319	798	1022
7480	463	798	1050
7481	690	530	1404
7481	690	558	1411
7481	395	563	1335
7481	395	565	953
7483	690	531	745
7488	396	799	931
7491	123	357	820
7509	119	476	951
7532	342	116	637
7532	818	118	1620
7532	101	172	1205
7532	971	173	1049
7532	632	174	759
7532	971	175	743
7532	344	186	1210
7532	971	188	935
7532	971	203	945
7532	119	204	1035
7574	493	493	727
7582	109	493	846
7582	680	493	1041
7588	109	493	904
7600	119	127	1420
7601	123	788	732
7601	123	791	1050
7601	102	808	1059
7607	453	127	1607
7614	409	362	743
8030	123	842	906
8035	119	842	945
8111	408	707	818
8111	110	720	1043
8111	316	722	1125
8111	316	735	1030
8111	316	737	1037
8125	896	16	1359
8126	109	504	800
8126	316	535	935
8127	87	504	1012
8127	402	524	755
8218	442	700	845
8227	126	388	1059
8227	402	422	1059
8228	409	1075	916
8230	120	175	940
8230	119	206	832
8233	873	853	1041
8235	55	700	1051
8236	316	1077	739
8239	318	855	845
8239	689	888	1122
8242	409	856	1428
8242	409	858	709
8242	689	877	928
8242	528	907	1009
8242	528	917	1019
8245	318	858	713
8246	409	858	718
8359	228	703	1031
8359	229	706	821
8431	100	980	1013
8439	969	736	1114
8442	423	495	654
8442	423	499	1302
8446	119	495	733
8452	442	495	830
8452	408	509	1013
8452	679	509	1145
8470	409	984	1056
8483	690	985	841
8483	688	1009	1033
8484	690	985	854
8514	366	778	1228
8515	366	778	1230
8519	109	490	1010
8548	408	492	1015
8548	408	493	1331
8548	119	512	908
8556	409	492	1101